65 13 40 23 90
79 99 74 46 86 29 57 29 31 54 98 71 40 16 56 28 20 38 97 24 44
31 12 92 79 84 61 31 33 18 71 1 76 2 52 26 95 55 70 95 18 65
35 38 82 63 14 24 14 5 21 42 24 29 41 52 37 6 66 23 67 57 77
86 93 27 60 17 63 73 36 87 21 67 95 45 49 70 84 29 42 89 48 30
15 79 37 69 45 70 74 70 71
50 81 37 52 20 51 13 35 70 53 11 50 42 73 1 57 98 36 22 56 37
63 89 74 63 13 16 95 17 47 99 88 9 53 65 63 9 61 47 84 64 82
88 58 14 89 52 72 36 91 55 15 31 21 9 81 61 59 10 35 58 51 65
14 49 71 47 63 17 77 91 48 81 26 58 17 43 91 22 96 33 17 97 59
71 4 29 56 17 97 60
18 78 8 15 83 10 60 95 67 54 20 74 15 66 12 80 91 39 14 23 78
89 50 68 90 3 27 40 12 3 28 57 29 69
68 77 89 44 46 59 59 96 39 6 96 82 96
48 57 15
57 69 73
14 47 22 23 36 7 63 36 82 31 12 60 84 34 71
69 5 4 38 70 32 23 15 4 98 24 77 94 57 36
43 53 32 6 3 32 90 17 74 1 23 11 78
80 38 6 13 35 55 23
62 5 33 64 26 18 32 98 74
17 39 54
46 51 62 70 23 87 32 8 98 72 77
66 99 81 86 48 66 73 24 35 31 62
97 88 81 17 8 63 1 66 5 25 77
47 98 94 69 70 9 40 55 98 95 16
30 70 90 47 55 36 98 9 15 29 18 34 35 38 2 69 13 22 4
18 4 81 46 18 64 18 1 95 97 31 78 54 60 18 37 88 76 19
2 35 22 67 68 37 13 95 4 18 81 29 53 25 91 23 57 57 31
98 59 39 66 1 68 31 39 72 8 30 49 78 29 98 70 20 94 8
6 5 24 56 14 51 43 20 6 16 72
95 92 76 25 45 38 80 81 94 45 61
59 42 29 82 50 3 84 43 46 77 16
12 25 75 91 76 76 9 77 19 69 4 54 67 20 85 78 87 63 66 95 53
61 25 69 13 63 66 45 40 14 31 3
52 25 77 84 75 17 51 22 98 89 33
38 28 32 95 17 33 69 4 21 4 30 38 83 13 27 11 45 73 89
56 45 18 95 82 89 20 42 65 99 14
4 12 57 37 8 54 14 61 1 12 33 46 9 69 5 13 9 23 25 79 93
97 74 8 32 1 77 27 87 73 93 16 99 34 39 55 85 87 61 67 24 27
24 55 92
78 41 6
92 3 21
7 60 14 41 29 91 73 29 85 40 85
98 85 89 81 59 99 8 96 36 27 2
97 69 76
3 60 81
2 76 30
40 83 74 73 89 70 78 34 99 45 16
86 84 18 75 72 71 39 5 82
28 86 95 37 76 9 89 67 62
47 69 31 37 82 10 28 27 39
57 46 33 6 45 17 85 14 10
20 55 97 45 64 29 93 95 37
75 79 65 89 95 35 85
96 87 23 92 4 93 51
27 85 47 13 13 40 68 22 71
25 65 22 17 86 41 76 36 24
19 95 95 19 91 61 76 39 42 71 65
44 11 49 59 48 85 62 18 82 77 14 10 48 89 48
23 57 81 70 46 54 77 51 68 60 47 63 55 6 75
27 76 12 80 9 1 1 7 8 69 90 59 50 47 6
18 11 13 84 20 57 74 17 30 51 6 29 23 29 51
51 31 69 38 88 84 63 41 73
36 47 9 30 16 74 11 22 18
82 57 93 57 25 62 44 36 23
33 78 42 75 83 26 73 48 92
52 94 52 40 99 85 5 55 97 75 17 50 69 20 20
49 79 76 20 28 35 35 49 67 78 36
50 9 10 60 63 1 65 38 91 72 72
23 15 53 62 14 18 8 56 45 51 37 45 8
41 20 47 62 28
3 95 5 68 73 20 20 75 57 59 88 5 78 44 91
48 34 82 19 3 81 85 19 32 60 11 95 43 10 87
7 45 42 62 94 84 86 24 61 24 97
98 26 17 50 98 60 45 70 59 37 99
63 92 70 63 66 64 63 7 42 6 53
88 92 55 86 66 51 15 39 69 83 38
90 98 63 70 97 41 80 85 62 21 23
73 26 21 88 78 31 46 84 60 96 36 2 33
26 91 22 96 86 68 46 60 81 72 49 78 52
88 50 39
72 57 53
87 88 98
66 9 64
15 92 90
34 8 13
82 64 13
88 92 59
97 87 65 64 12 78 73 63 35
